score1	score2	Group
9.6	8.68	0-0.25
7.07	5.96	0-0.25
9	7.93	0.25-0.5
0.38	8.03	0-0.25
2.73	-11.65	1
6.39	6.31	0.25-0.5
0.38	8.03	0-0.25
-9.83	-0.02	0-0.25
9.6	8.68	0-0.25
6.39	6.31	0.5-0.75
9.6	8.68	0-0.25
4.87	4.33	0-0.25
7.46	6.25	1
7.15	8.73	0-0.25
8.11	9.17	0.5-0.75
13	0.97	0.75-1
9.6	8.16	0.25-0.5
9.13	-8.29	1
4.92	3.65	0-0.25
0.38	8.03	0-0.25
9.6	8.68	0-0.25
0.38	8.03	0-0.25
9.6	8.68	0-0.25
2.39	-2.21	0-0.25
7.07	5.96	0.25-0.5
6.37	5.71	0.25-0.5
9.6	8.68	0-0.25
4.87	4.33	0-0.25
8.31	-3.16	0.5-0.75
0.38	8.03	0-0.25
6.37	5.71	0.5-0.75
4.87	4.33	0-0.25
13	0.97	0.75-1
9.87	4.81	0-0.25
6.39	6.31	0.5-0.75
9.6	8.68	0-0.25
8.11	2.05	0.25-0.5
13	0.97	0.25-0.5
0.38	8.03	0-0.25
4.87	4.33	0-0.25
6.34	6.41	0.25-0.5
7.46	6.25	0.75-1
9.87	4.81	0-0.25
4.01	-7.67	0.25-0.5
9.61	0.25	1
4.87	4.33	0-0.25
7.28	4.62	1
13	0.97	0.25-0.5
3.9	6.23	0-0.25
6.64	8.76	0-0.25
8.11	2.05	0.5-0.75
13	0.97	0.5-0.75
9.61	0.25	0.5-0.75
0.38	8.03	0-0.25
9.6	8.68	0-0.25
7.07	5.96	0.25-0.5
10.1	8.41	0-0.25
0.38	8.03	0-0.25
4.87	4.33	0-0.25
13	0.97	0.25-0.5
9.6	8.68	0-0.25
0.38	8.03	0-0.25
9.6	8.68	0-0.25
0.38	8.03	0-0.25
4.87	4.33	0-0.25
9.6	8.16	0.5-0.75
7.28	4.62	1
0.38	8.03	0-0.25
4.87	4.33	0-0.25
4.5	5.1	0.5-0.75
13	0.97	0.5-0.75
8.41	10.07	0-0.25
2.39	-2.21	0-0.25
13	0.97	0-0.25
0.38	8.03	0-0.25
4.92	9.31	0.5-0.75
0.38	8.03	0-0.25
9.37	-5.07	0.25-0.5
0.38	8.03	0-0.25
9.6	8.68	0-0.25
8.07	1.04	0.5-0.75
13	0.97	1
7.07	5.96	0.25-0.5
7.28	4.62	1
8.11	2.05	0.5-0.75
4.01	-7.67	0.25-0.5
13	0.97	0.5-0.75
9.6	8.16	0.25-0.5
0.38	8.03	0-0.25
13	0.97	0.25-0.5
9.22	9	0.5-0.75
6.39	6.31	0-0.25
4.01	-7.67	0.25-0.5
9.6	8.68	0-0.25
9.6	8.68	0-0.25
7.07	5.96	0.5-0.75
10.1	3.6	0.25-0.5
4.15	3.64	0-0.25
13	0.97	0.75-1
9.61	0.25	1
0.38	8.03	0-0.25
9.87	4.81	0-0.25
9.6	8.68	0-0.25
4.87	4.33	0-0.25
7.98	-14.01	1
4.87	4.33	0-0.25
13	0.97	0.5-0.75
9.61	0.25	1
4.87	4.33	0-0.25
4.87	4.33	0-0.25
13	0.97	0.5-0.75
0.38	8.03	0-0.25
4.87	4.33	0-0.25
13	0.97	0.25-0.5
0.38	8.03	0-0.25
6.37	5.71	0-0.25
7.07	5.96	0.5-0.75
4.87	4.33	0-0.25
0.65	1.66	0-0.25
0.38	8.03	0-0.25
0.38	8.03	0-0.25
4.15	3.64	0-0.25
-7.56	10.46	0-0.25
7.07	5.96	0-0.25
4.87	4.33	0-0.25
9.22	9	0.25-0.5
4.87	4.33	0-0.25
7.28	4.62	1
7.07	5.96	0.25-0.5
8.42	6.25	0-0.25
0.38	8.03	0-0.25
0.38	8.03	0-0.25
6.34	6.41	0.25-0.5
6.37	5.71	0-0.25
9.6	8.68	0-0.25
0.64	-2.44	0.25-0.5
9.6	8.68	0-0.25
9.61	0.25	1
6.37	5.71	0-0.25
8.31	-3.16	0.5-0.75
0.38	8.03	0-0.25
4.87	4.33	0-0.25
8.41	10.07	0-0.25
8.42	6.25	0-0.25
4.87	4.33	0-0.25
0.38	8.03	0-0.25
7.07	5.96	0.5-0.75
4.87	4.33	0-0.25
13	0.97	0.5-0.75
0.38	8.03	0-0.25
9.61	0.25	1
0.38	8.03	0-0.25
6.37	5.71	0-0.25
9.87	4.81	0-0.25
9.6	8.68	0-0.25
6.46	8.88	0-0.25
8.11	2.05	0.5-0.75
13	0.97	1
0.38	8.03	0-0.25
4.15	3.64	0-0.25
6.39	6.31	0.75-1
8.42	6.25	0-0.25
13	0.97	1
0.38	8.03	0-0.25
4.87	4.33	0-0.25
9.61	0.25	0.75-1
0.38	8.03	0-0.25
1.79	7.69	0-0.25
0.38	8.03	0-0.25
4.15	3.64	0-0.25
3.85	0.19	0.25-0.5
7.89	2.84	0.5-0.75
7.98	-14.01	1
0.38	8.03	0-0.25
4.87	4.33	0-0.25
0.38	8.03	0-0.25
9.6	8.68	0-0.25
6.39	6.31	0.5-0.75
7.28	4.62	1
8.46	-1.22	1
13	0.97	0.5-0.75
6.39	6.31	0.5-0.75
13	0.97	0-0.25
0.38	8.03	0-0.25
3.64	-6.02	0.5-0.75
7.28	4.62	0.75-1
13	0.97	0.25-0.5
0.38	8.03	0-0.25
4.87	4.33	0-0.25
3.34	7.39	0-0.25
0.38	8.03	0-0.25
6.37	5.71	0-0.25
7.07	5.96	0.25-0.5
9.6	8.16	0.25-0.5
7.98	-14.01	1
0.38	8.03	0-0.25
9.87	4.81	0-0.25
4.87	4.33	0-0.25
6.39	6.31	0.25-0.5
6.37	5.71	0-0.25
2.73	-11.65	0.5-0.75
9.6	8.68	0-0.25
3.64	-6.02	1
13	0.97	0.5-0.75
9.6	8.68	0-0.25
6.39	6.31	0.75-1
9.61	0.25	0.5-0.75
4.87	4.33	0-0.25
6.39	6.31	0.25-0.5
2.73	-11.65	0-0.25
9.6	8.68	0-0.25
13	0.97	1
0.38	8.03	0-0.25
4.87	4.33	0-0.25
13	0.97	1
0.38	8.03	0-0.25
8.11	2.05	0.25-0.5
9.61	0.25	1
0.38	8.03	0-0.25
9.6	8.68	0-0.25
3.34	7.39	0-0.25
5.23	0.62	0.25-0.5
5.23	0.62	0.25-0.5
13	0.97	1
0.38	8.03	0-0.25
6.37	5.71	0.5-0.75
9.6	8.68	0-0.25
0.38	8.03	0-0.25
4.87	4.33	0-0.25
8.11	2.05	0.5-0.75
6.34	6.41	0.25-0.5
-18.64	4.04	0.25-0.5
9.6	8.68	0-0.25
4.87	4.33	0-0.25
6.63	6.1	0.25-0.5
0.38	8.03	0-0.25
9.22	9	0.25-0.5
9.6	8.68	0-0.25
6.39	6.31	1
13	0.97	1
9.61	0.25	0.75-1
0.38	8.03	0-0.25
9.6	8.68	0-0.25
8.31	-3.16	1
0.38	8.03	0-0.25
3.18	0.04	0-0.25
0.38	8.03	0-0.25
4.92	9.31	0.25-0.5
6.39	6.31	0.5-0.75
10.36	1.98	0-0.25
4.87	4.33	0-0.25
6.39	6.31	0.5-0.75
13	0.97	0.5-0.75
4.87	4.33	0-0.25
4.94	1.51	0-0.25
6.39	6.31	0.5-0.75
2.73	-11.65	0.75-1
9.6	8.68	0-0.25
0.38	8.03	0-0.25
9.61	0.25	1
3.9	6.23	0-0.25
9.6	8.68	0-0.25
9.6	8.16	0.25-0.5
0.38	8.03	0-0.25
9.87	4.81	0-0.25
9.6	8.68	0-0.25
0.38	8.03	0-0.25
2.73	-11.65	0-0.25
4.87	4.33	0-0.25
0.38	8.03	0-0.25
8.11	2.05	0.5-0.75
9.6	8.68	0-0.25
6.39	6.31	0.75-1
9.6	8.68	0-0.25
4.87	4.33	0-0.25
0.38	8.03	0-0.25
6.39	6.31	0.25-0.5
13	0.97	1
6.39	6.31	0-0.25
8.46	-1.22	1
0.38	8.03	0-0.25
6.39	6.31	0.75-1
4.5	5.1	0.25-0.5
9.61	0.25	1
8.11	2.05	0.25-0.5
6.39	6.31	0.5-0.75
-0.08	-2.47	0-0.25
6.74	3.6	1
0.38	8.03	0-0.25
13	0.97	0.5-0.75
4.87	4.33	0-0.25
9.61	0.25	1
5.77	7.89	0-0.25
6.37	5.71	0-0.25
9.87	4.81	0-0.25
9.6	8.68	0-0.25
6.39	6.31	1
0.38	8.03	0-0.25
7.07	5.96	0.5-0.75
4.87	4.33	0-0.25
0.38	8.03	0-0.25
6.37	5.71	0-0.25
8.46	-1.22	1
13	0.97	0.25-0.5
0.38	8.03	0-0.25
6.64	8.76	0-0.25
6.39	6.31	0-0.25
0.38	8.03	0-0.25
9.6	8.68	0-0.25
4.94	7.54	0-0.25
8.07	8.02	0-0.25
4.87	4.33	0-0.25
9.6	8.68	0-0.25
2.67	-0.35	0.25-0.5
3.73	0.28	1
13	0.97	0-0.25
9.6	8.68	0-0.25
3.9	6.23	0-0.25
5.88	2.41	0.5-0.75
9.22	9	0.75-1
8.11	2.05	0.5-0.75
13	0.97	1
0.38	8.03	0-0.25
9.6	8.68	0-0.25
10.24	8.94	1
8.11	2.05	0.25-0.5
-8.68	2.13	0-0.25
9.6	8.68	0-0.25
4.33	4.67	0-0.25
0.65	1.66	0-0.25
6.63	6.1	1
13	0.97	0.5-0.75
9.6	8.68	0-0.25
0.65	1.66	0-0.25
7.78	-3.1	0.5-0.75
-7.44	-1.51	0-0.25
13	0.97	0.25-0.5
0.38	8.03	0-0.25
6.37	5.71	0-0.25
9.6	8.68	0-0.25
8.11	2.05	0.5-0.75
3.64	-6.02	1
11.48	6.13	0.25-0.5
13	0.97	1
8.4	9.52	0-0.25
9.6	8.68	0-0.25
5.2	7.36	0-0.25
8.07	8.02	0-0.25
5.99	5.4	1
6.63	6.1	0.5-0.75
3.73	0.28	0.25-0.5
10.55	1.45	0.25-0.5
8.4	9.52	0-0.25
0.38	8.03	0-0.25
8.11	2.05	0.5-0.75
-8.68	2.13	0-0.25
0.38	8.03	0-0.25
9.6	8.68	0-0.25
3.48	-6.04	1
3.73	0.28	0.5-0.75
11.48	6.13	0-0.25
0.38	8.03	0-0.25
9.6	8.68	0-0.25
8.11	2.05	0.25-0.5
0.65	1.66	0-0.25
5.43	4.41	0.25-0.5
6.37	5.71	0-0.25
9.6	8.68	0-0.25
3.9	6.23	0-0.25
-4.04	6.28	0-0.25
4.87	4.33	0-0.25
13	0.97	0.75-1
9.6	8.68	0-0.25
0.65	1.66	0-0.25
6.63	6.1	0.25-0.5
4.37	8.44	0-0.25
9.6	8.68	0-0.25
4.33	4.67	0-0.25
-10.39	6.34	0-0.25
0.65	1.66	0-0.25
6.63	6.1	0.5-0.75
11.48	6.13	0-0.25
8.4	9.52	0-0.25
9	7.93	0.75-1
0.38	8.03	0-0.25
9.6	8.68	0-0.25
4.87	4.33	0-0.25
8.11	2.05	0.5-0.75
-8.68	2.13	0-0.25
9.6	8.68	0-0.25
4.33	4.67	0-0.25
7.47	-1.21	0.5-0.75
7.47	-1.21	0.5-0.75
7.47	-1.21	0.5-0.75
7.47	-1.21	0.5-0.75
11.48	6.13	0-0.25
4.81	5.07	0-0.25
13	0.97	1
0.38	8.03	0-0.25
0.78	5.09	0-0.25
9.6	8.68	0-0.25
4.94	7.54	0-0.25
10.24	8.94	1
0.65	1.66	0-0.25
10.55	1.45	0-0.25
13	0.97	0.25-0.5
8.4	9.52	0-0.25
9.6	8.68	0-0.25
4.94	7.54	0-0.25
3.9	6.23	0-0.25
5.39	1.74	0.25-0.5
0.65	1.66	0-0.25
7.78	-3.1	0.5-0.75
7.47	-1.21	0.25-0.5
7.47	-1.21	0.25-0.5
7.47	-1.21	0.25-0.5
7.47	-1.21	0.25-0.5
-4.54	4.99	0-0.25
0.38	8.03	0-0.25
9.6	8.68	0-0.25
8.07	8.02	0-0.25
8.11	2.05	0.25-0.5
0.65	1.66	0-0.25
3.64	-6.02	1
-8.68	2.13	0-0.25
3.73	0.28	0.25-0.5
10.55	1.45	0.25-0.5
11.48	6.13	0.25-0.5
9.6	8.68	0-0.25
3.64	-6.02	1
7.47	-1.21	1
7.47	-1.21	1
7.47	-1.21	1
7.47	-1.21	1
5.68	5.2	0.5-0.75
0.38	8.03	0-0.25
3.89	4.14	0-0.25
9.6	8.68	0-0.25
-10.39	6.34	0-0.25
8.11	2.05	0.25-0.5
6.63	6.1	0.25-0.5
7.78	-3.1	0.5-0.75
-4.54	4.99	0-0.25
9.6	8.68	0-0.25
8.11	2.05	0.5-0.75
0.65	1.66	0-0.25
6.63	6.1	0.5-0.75
-8.68	2.13	0-0.25
13	0.97	0.75-1
5.68	5.2	0.25-0.5
9.6	8.68	0-0.25
4.58	0.52	0-0.25
-19.76	0.52	0-0.25
9.14	9.09	0-0.25
8.11	2.05	0.25-0.5
0.65	1.66	0-0.25
4.37	8.44	0-0.25
11.48	6.13	0-0.25
9.73	10.47	1
4.81	5.07	0.25-0.5
13	0.97	0.5-0.75
9.6	8.68	0-0.25
8.11	2.05	0.25-0.5
0.65	1.66	0-0.25
4.81	5.07	0.5-0.75
0.38	8.03	0-0.25
5.68	5.2	0.25-0.5
8.11	2.05	0.5-0.75
-8.68	2.13	0-0.25
11.63	6.84	0-0.25
6.94	10.48	0-0.25
9.6	8.68	0-0.25
4.58	0.52	0-0.25
8.07	8.02	0-0.25
0.65	1.66	0-0.25
4.81	5.07	0-0.25
0.38	8.03	0-0.25
9.6	8.68	0-0.25
2.92	8.41	0-0.25
0.65	1.66	0-0.25
13	0.97	1
0.38	8.03	0-0.25
9.6	8.68	0-0.25
5.99	5.4	1
8.11	2.05	0.25-0.5
0.65	1.66	0-0.25
7.78	-3.1	0.25-0.5
13	0.97	1
9.6	8.68	0-0.25
5.99	5.4	1
5.88	2.41	0.5-0.75
-4.54	4.99	0-0.25
13	0.97	1
0.38	8.03	0-0.25
9.6	8.68	0-0.25
4.58	0.52	0-0.25
4.33	4.67	0-0.25
8.11	2.05	0.25-0.5
0.65	1.66	0-0.25
-8.68	2.13	0-0.25
4.81	5.07	0-0.25
6.94	-8.15	0-0.25
13	0.97	0.75-1
0.38	8.03	0-0.25
9.6	8.68	0-0.25
8.07	8.02	0-0.25
5.28	7.63	0.25-0.5
0.65	1.66	0-0.25
-8.68	2.13	0-0.25
13	0.97	0.25-0.5
9.6	8.68	0-0.25
-8.68	2.13	0-0.25
13	0.97	1
7.98	-14.01	1
9.6	8.68	0-0.25
8.07	8.02	0-0.25
4.87	4.33	0-0.25
2.83	-1.55	0.5-0.75
8.11	2.05	0.25-0.5
0.65	1.66	0-0.25
3.64	-6.02	1
6.94	10.48	0-0.25
13	0.97	0.5-0.75
0.38	8.03	0-0.25
9.6	8.68	0-0.25
9.14	9.09	0-0.25
4.77	5.91	0-0.25
7.78	-3.1	0.5-0.75
11.48	6.13	0-0.25
13	0.97	0.25-0.5
9.6	8.68	0-0.25
8.07	8.02	0-0.25
7.42	3.11	0.75-1
11.48	6.13	0-0.25
13	0.97	1
8.4	9.52	0-0.25
0.38	8.03	0-0.25
9.6	8.68	0-0.25
-4.59	6.09	0-0.25
6.63	6.1	0.5-0.75
2.53	-0.01	0.25-0.5
9.6	8.68	0-0.25
9.22	9	0.75-1
7.78	-3.1	0.25-0.5
-8.68	2.13	0-0.25
10.58	-5.82	0.5-0.75
8.58	6.58	0.25-0.5
9	7.93	0.25-0.5
0.38	8.03	0-0.25
0.65	1.66	0-0.25
0.38	8.03	0-0.25
9.6	8.68	0-0.25
4.33	4.67	0-0.25
8.31	-3.16	0.5-0.75
5.53	6.79	0-0.25
-8.68	2.13	0-0.25
9.6	8.68	0-0.25
4.58	0.52	0-0.25
0.65	1.66	0-0.25
3.64	-6.02	1
-8.68	2.13	0-0.25
-5.86	8.79	0-0.25
3.71	4.41	0-0.25
8.4	9.52	0-0.25
5.68	5.2	0.5-0.75
9.6	8.68	0-0.25
3.9	6.23	0-0.25
4.33	4.67	0.25-0.5
3.75	5.46	0-0.25
8.11	2.05	0.5-0.75
0.38	8.03	0-0.25
9.6	8.68	0-0.25
9.22	9	0.25-0.5
-8.68	2.13	0-0.25
4.33	4.67	0-0.25
8.11	2.05	1
8.38	2.06	0.5-0.75
7.47	-1.21	0.5-0.75
7.47	-1.21	0.5-0.75
7.47	-1.21	0.5-0.75
7.47	-1.21	0.5-0.75
5.27	5.97	0.25-0.5
9.6	8.68	0-0.25
2.99	3.6	0.75-1
8.11	2.05	0.25-0.5
0.65	1.66	0-0.25
3.73	0.28	0.25-0.5
7.47	-1.21	1
7.47	-1.21	1
7.47	-1.21	1
7.47	-1.21	1
13	0.97	0.5-0.75
9.6	8.68	0-0.25
13	0.97	0.25-0.5
0.38	8.03	0-0.25
9.6	8.68	0-0.25
8.07	8.02	0-0.25
9.22	9	1
6.63	6.1	0.5-0.75
13	0.97	0.75-1
8.4	9.52	0-0.25
6.37	5.71	0-0.25
9.6	8.68	0-0.25
8.69	10.49	0-0.25
0.38	8.03	0-0.25
9.6	8.68	0-0.25
5.88	2.41	0.5-0.75
8.11	2.05	0.25-0.5
0.65	1.66	0-0.25
6.63	6.1	0.5-0.75
7.88	8.83	0-0.25
8.4	9.52	0-0.25
0.38	8.03	0-0.25
8.11	2.05	0.25-0.5
11.48	6.13	0-0.25
13	0.97	0.5-0.75
-9.58	8.45	0-0.25
0.38	8.03	0-0.25
9.6	8.68	0-0.25
7.42	3.11	1
9.22	9	0.5-0.75
0.65	1.66	0-0.25
11.48	6.13	0.25-0.5
0.38	8.03	0-0.25
4.87	4.33	0-0.25
9.61	0.25	1
13	0.97	0.75-1
9.61	0.25	1
0.38	8.03	0-0.25
2.39	7.88	0-0.25
6.39	6.31	0-0.25
13	0.97	1
9.6	8.68	0-0.25
4.87	4.33	0-0.25
13	0.97	1
0.38	8.03	0-0.25
6.37	5.71	0-0.25
9.6	8.68	0-0.25
4.87	4.33	0-0.25
0.38	8.03	0-0.25
6.37	5.71	0-0.25
5.68	10.69	0-0.25
13	0.97	1
7.98	-14.01	1
4.62	5.24	0.25-0.5
7.28	4.62	0.75-1
13	0.97	0.75-1
8.11	2.05	0.5-0.75
3.76	3.92	0.25-0.5
6.89	3.96	0-0.25
13	0.97	0.5-0.75
4.87	4.33	0-0.25
4.87	4.33	0-0.25
13	0.97	0.25-0.5
3.64	-6.02	0.5-0.75
8.31	-3.16	1
7.46	6.25	1
13	0.97	1
9.6	8.68	0-0.25
4.87	4.33	0-0.25
3.34	7.39	0.25-0.5
8.11	2.05	0.5-0.75
0.38	8.03	0-0.25
5.97	7.61	0-0.25
0.38	8.03	0-0.25
9.87	4.81	0-0.25
5.27	5.19	0.25-0.5
9.6	8.68	0-0.25
13	0.97	0.5-0.75
9.6	8.68	0-0.25
4.01	-7.67	0-0.25
0.38	8.03	0-0.25
13	0.97	0.25-0.5
9.6	8.68	0-0.25
9.6	8.68	0-0.25
0.38	8.03	0-0.25
9.6	8.68	0-0.25
0.38	8.03	0-0.25
6.39	6.31	0.25-0.5
13	0.97	1
0.38	8.03	0-0.25
4.87	4.33	0-0.25
5.27	5.19	0.25-0.5
7.28	4.62	1
2.6	4.58	0.5-0.75
4.87	4.33	0-0.25
8.11	2.05	0.5-0.75
-0.56	0.73	0-0.25
0.38	8.03	0-0.25
6.63	6.1	0.5-0.75
6.02	8.92	0-0.25
8.46	-1.22	1
6.94	10.48	0.25-0.5
9.61	0.25	0.75-1
0.38	8.03	0-0.25
6.14	6.71	0.25-0.5
0.38	8.03	0-0.25
9.6	8.68	0-0.25
4.87	4.33	0-0.25
8.11	2.05	0.25-0.5
0.65	1.66	0-0.25
13	0.97	0.5-0.75
0.38	8.03	0-0.25
6.37	5.71	0-0.25
9.6	8.68	0-0.25
3.34	7.39	0-0.25
7.28	4.62	0.75-1
8.46	-1.22	1
0.38	8.03	0-0.25
13	0.97	1
6.37	5.71	0-0.25
9.6	8.68	0-0.25
4.87	4.33	0-0.25
2.39	-2.21	0-0.25
9.6	8.68	0-0.25
13	0.97	0.5-0.75
6.37	5.71	0-0.25
9.54	-2.11	1
8.11	2.05	0.25-0.5
6.63	6.1	0.75-1
7.28	4.62	1
6.37	5.71	0-0.25
9.6	8.16	0.25-0.5
0.38	8.03	0-0.25
6.37	5.71	0.25-0.5
9.6	8.68	0-0.25
3.34	7.39	0-0.25
9.6	8.16	0.25-0.5
9.6	8.68	0-0.25
2.39	7.88	0-0.25
9.6	8.16	0.25-0.5
6.37	5.71	0-0.25
2.73	-11.65	0.75-1
7.07	5.96	0.5-0.75
6.64	8.76	0-0.25
13	0.97	0.5-0.75
-12.04	6.94	0-0.25
0.38	8.03	0-0.25
4.87	4.33	0-0.25
7.46	6.25	1
13	0.97	1
9	7.93	0.5-0.75
9.6	8.68	0-0.25
6.94	10.48	0-0.25
8.11	2.05	0.5-0.75
9.87	4.81	0-0.25
4.87	4.33	0-0.25
8.46	-1.22	1
4.87	4.33	0-0.25
9.6	8.16	0.5-0.75
6.74	3.4	0.5-0.75
13	0.97	1
9.61	0.25	1
0.38	8.03	0-0.25
4.58	1.63	0-0.25
0.65	1.66	0-0.25
0.38	8.03	0-0.25
4.87	4.33	0-0.25
0.38	8.03	0-0.25
9.88	9.25	0.5-0.75
11.11	8.17	1
3.45	10.82	0-0.25
8.39	9.75	1
2.73	13.5	0-0.25
6.91	-4.56	1
2.23	6.74	0-0.25
4.72	5.99	0-0.25
6.1	6.6	0.5-0.75
4.12	7.7	0.25-0.5
8.37	7.88	0.25-0.5
7.63	6.63	0-0.25
9.88	9.25	0.5-0.75
4.53	2.04	0-0.25
4.6	7.06	0-0.25
7.63	6.63	0-0.25
11.11	8.17	1
12.06	10.22	1
4.12	7.7	0.25-0.5
7.63	6.63	0-0.25
4.72	5.99	0-0.25
7.22	3.77	0-0.25
4.12	7.7	0.75-1
8.37	7.88	0.75-1
7.63	6.63	0-0.25
0.52	0.22	0-0.25
8.31	3.64	1
2.57	12.31	0-0.25
8.37	7.88	0.25-0.5
9.88	9.25	0.25-0.5
4.72	5.99	0.25-0.5
6.93	5.57	1
4.53	2.04	0-0.25
0.52	0.22	0-0.25
11.11	8.17	1
4.12	7.7	0.5-0.75
7.63	6.63	0-0.25
9.88	9.25	0.75-1
11.11	8.17	1
8.31	3.64	0.75-1
8.37	7.88	0.25-0.5
0.44	-0.64	1
3.29	4.96	0-0.25
2.57	12.31	0-0.25
3.67	6.7	1
9.03	4.8	0.5-0.75
9.62	9.41	0-0.25
2.23	6.74	0-0.25
4.53	2.04	0-0.25
9.89	6.04	0.5-0.75
6.77	6.53	0-0.25
6.77	6.53	0-0.25
12.06	10.22	1
2.57	12.31	0-0.25
4.12	7.7	0.25-0.5
9.03	4.8	0.75-1
7.63	6.63	0-0.25
6.46	10.28	0-0.25
1.97	7.68	0-0.25
8.31	3.64	1
4.12	7.7	1
8.37	7.88	0.25-0.5
9.03	4.8	1
7.63	6.63	0-0.25
9.88	9.25	0.25-0.5
1.97	7.68	0-0.25
4.53	2.04	0-0.25
4.95	5.03	0-0.25
7.56	11.08	1
8.31	3.64	1
4.12	7.7	1
8.37	7.88	0.25-0.5
5.91	-0.43	0.5-0.75
4.16	-1.43	0.25-0.5
7.63	6.63	0-0.25
4.12	7.7	0.75-1
0.55	-0.25	0-0.25
7.63	6.63	0-0.25
3.45	3.49	0-0.25
3.45	10.82	0-0.25
4.12	7.7	1
9.03	4.8	0.75-1
9.88	9.25	0.5-0.75
4.72	5.99	0.25-0.5
0.52	0.22	0-0.25
8.07	9.3	0.5-0.75
9.04	5.2	0-0.25
2.57	12.31	0-0.25
8.37	7.88	0.25-0.5
4.16	-1.43	1
7.63	6.63	0-0.25
8.88	7.4	0.75-1
6.46	10.28	0-0.25
4.72	5.99	0-0.25
0.52	0.22	0-0.25
8.37	7.88	0.25-0.5
7.63	6.63	0-0.25
9.88	9.25	0.5-0.75
6.93	5.57	1
7.16	8.94	0-0.25
9.64	7.24	0-0.25
9.64	7.24	0-0.25
2.57	12.31	0-0.25
4.12	7.7	0.25-0.5
6.46	10.28	0-0.25
2.23	6.74	0-0.25
4.72	5.99	0-0.25
7.44	7	0-0.25
2.57	12.31	0-0.25
8.37	7.88	0.25-0.5
4.16	-1.43	0.5-0.75
7.63	6.63	0-0.25
0.59	-1.5	1
4.53	2.04	0-0.25
11.11	8.17	0.75-1
4.12	7.7	0.5-0.75
8.37	7.88	0.25-0.5
7.63	6.63	0-0.25
9.27	8.08	0-0.25
4.72	5.99	0-0.25
6.93	5.57	0.5-0.75
8.37	7.88	0.5-0.75
7.63	6.63	0-0.25
9.88	9.25	0.5-0.75
2.23	6.74	0-0.25
4.72	5.99	0-0.25
6.93	5.57	0.75-1
8.92	8.92	0.5-0.75
3.45	10.82	0-0.25
8.37	7.88	0.5-0.75
7.63	6.63	0-0.25
4.53	2.04	0-0.25
2.57	12.31	0-0.25
3.45	10.82	0-0.25
8.37	7.88	0.25-0.5
9.88	9.25	0.5-0.75
4.64	-3.45	0.25-0.5
6.77	6.53	0-0.25
6.77	6.53	0-0.25
4.12	7.7	0.75-1
8.37	7.88	0.25-0.5
9.03	4.8	1
7.63	6.63	0-0.25
4.95	10.67	0.25-0.5
6.93	5.57	0.75-1
12.06	10.22	1
2.57	12.31	0-0.25
9.94	6.2	1
4.83	6.62	0-0.25
2.23	6.74	0-0.25
4.72	5.99	0.25-0.5
1.97	7.68	0-0.25
6.93	5.57	1
4.53	2.04	0-0.25
0.52	0.22	0-0.25
9.45	5.88	1
4.12	7.7	0.25-0.5
7.63	6.63	0-0.25
9.88	9.25	0.25-0.5
4.53	2.04	0.25-0.5
4.76	10.47	0-0.25
8.37	7.88	0.5-0.75
9.03	4.8	0.5-0.75
4.16	-1.43	1
9.88	9.25	0.5-0.75
4.95	10.67	0.5-0.75
2.23	6.74	0-0.25
4.72	5.99	0-0.25
-1.62	4.17	0-0.25
4.16	-1.43	0.5-0.75
7.63	6.63	0-0.25
9.88	9.25	0.5-0.75
2.23	6.74	0-0.25
4.72	5.99	0.25-0.5
0.52	0.22	0-0.25
5.65	5.88	1
7.44	7	0-0.25
4.12	7.7	0-0.25
9.03	4.8	1
6.93	5.57	1
0.52	0.22	0-0.25
8.07	9.3	0-0.25
11.11	8.17	1
3.67	6.7	0.5-0.75
4.12	7.7	0.5-0.75
8.37	7.88	0.25-0.5
8.06	0.21	1
7.63	6.63	0-0.25
9.88	9.25	0.5-0.75
4.95	10.67	0.5-0.75
0.52	0.22	0-0.25
3.67	6.7	0.5-0.75
4.12	7.7	0.75-1
8.37	7.88	0.25-0.5
9.03	4.8	1
9.88	9.25	0.5-0.75
2.23	6.74	0.25-0.5
7.84	2.11	1
3.45	10.82	0-0.25
0.46	-1.15	0.25-0.5
5.29	-1.15	0.25-0.5
4.16	-1.43	1
7.63	6.63	0-0.25
2.23	6.74	0-0.25
4.72	5.99	0-0.25
-20	2.04	0-0.25
4.53	2.04	0-0.25
0.52	0.22	0-0.25
2.57	12.31	0-0.25
4.12	7.7	0.5-0.75
8.37	7.88	0.25-0.5
9.03	4.8	0.75-1
7.63	6.63	0-0.25
2.57	12.31	0-0.25
1.03	-0.72	0.5-0.75
7.63	6.63	0-0.25
9.88	9.25	0.5-0.75
4.72	5.99	0-0.25
9.6	8.27	1
6.93	5.57	1
4.53	2.04	0.25-0.5
8.31	3.64	1
4.12	7.7	0.5-0.75
8.37	7.88	0.25-0.5
7.63	6.63	0-0.25
6.91	-4.56	1
2.59	4.48	0.5-0.75
8.31	3.64	0.75-1
11.65	3.53	0.75-1
4.6	7.06	0-0.25
7.64	-0.16	1
7.63	6.63	0-0.25
6.91	-4.56	1
2.23	6.74	0-0.25
4.53	2.04	0-0.25
5.3	3.75	0.75-1
8.31	3.64	1
2.57	12.31	0-0.25
3.45	10.82	0-0.25
8.37	7.88	0.5-0.75
5.91	9.29	0-0.25
9.03	4.8	0.5-0.75
7.93	9.45	0-0.25
7.63	6.63	0-0.25
2.88	3.26	0-0.25
4.53	2.04	0.25-0.5
11.11	8.17	1
4.12	7.7	0.75-1
9.03	4.8	0.25-0.5
7.63	6.63	0-0.25
2.23	6.74	0-0.25
4.53	2.04	0-0.25
11.11	8.17	1
7.84	2.11	1
2.57	12.31	0-0.25
4.12	7.7	0.75-1
8.37	7.88	0.25-0.5
9.03	4.8	0.25-0.5
4.16	-1.43	0.75-1
6.91	-4.56	1
4.53	2.04	0-0.25
2.04	5.78	0-0.25
11.11	8.17	0.75-1
1.03	-0.72	1
5.07	10.28	0-0.25
9.88	9.25	0.75-1
2.57	12.31	0-0.25
4.12	7.7	0.5-0.75
9.94	6.2	0.25-0.5
9.88	9.25	0.5-0.75
2.23	6.74	0.25-0.5
4.72	5.99	0-0.25
4.53	2.04	0-0.25
9.89	6.04	1
0.52	0.22	0-0.25
11.11	8.17	1
5.91	9.29	0-0.25
9.94	6.2	0.5-0.75
4.16	-1.43	1
2.23	6.74	0-0.25
6.93	5.57	1
12.06	10.22	1
4.12	7.7	0.25-0.5
8.37	7.88	0.5-0.75
4.53	2.04	0-0.25
0.52	0.22	0-0.25
9.03	4.8	0.25-0.5
4.01	9.87	0-0.25
9.88	9.25	0.75-1
1.97	7.68	0-0.25
1.79	7.15	0-0.25
8.07	9.3	0.25-0.5
8.31	3.64	1
3.67	6.7	1
4.12	7.7	0.25-0.5
8.37	7.88	0.5-0.75
9.03	4.8	0.5-0.75
5.91	-0.43	0.25-0.5
2.23	6.74	0-0.25
6.93	5.57	1
6.23	10.24	0-0.25
11.11	8.17	1
2.57	12.31	0-0.25
4.12	7.7	0.25-0.5
8.37	7.88	0.25-0.5
6.17	8.68	0-0.25
4.53	2.04	0-0.25
4.12	7.7	0.5-0.75
9.03	4.8	1
4.16	-1.43	1
7.63	6.63	0-0.25
6.93	5.57	0.5-0.75
4.53	2.04	0-0.25
3.67	6.7	0.75-1
4.12	7.7	0.5-0.75
8.37	7.88	0.25-0.5
9.03	4.8	0.75-1
6.93	5.57	0.75-1
4.53	2.04	0-0.25
0.52	0.22	0-0.25
12.06	10.22	1
6.45	4.03	0.25-0.5
4.16	-1.43	1
6.93	5.57	1
12.06	10.22	1
-2.39	2.41	0-0.25
9.03	4.8	1
8.06	0.21	0.75-1
9.88	9.25	0.25-0.5
6.93	5.57	1
4.53	2.04	0.25-0.5
8.07	9.3	0.5-0.75
7.84	2.11	1
2.57	12.31	0-0.25
8.37	7.88	0.75-1
7.66	1.95	1
6.91	-4.56	0.75-1
2.23	6.74	0-0.25
4.72	5.99	0.25-0.5
9.6	8.27	1
6.93	5.57	1
4.53	2.04	0-0.25
0.52	0.22	0-0.25
8.07	9.3	0-0.25
7.44	7	0-0.25
8.31	3.64	1
3.67	6.7	0.5-0.75
4.12	7.7	0.75-1
9.03	4.8	0.5-0.75
4.16	-1.43	0.5-0.75
7.63	6.63	0-0.25
2.23	6.74	0-0.25
4.53	2.04	0-0.25
7.63	6.63	0-0.25
4.72	5.99	0-0.25
1.97	7.68	0-0.25
8.07	9.3	0.25-0.5
8.31	3.64	1
2.57	12.31	0-0.25
8.37	7.88	0.25-0.5
6.45	4.03	0.25-0.5
9.03	4.8	0.5-0.75
4.72	5.99	0-0.25
7.44	7	0-0.25
6.77	7.4	0-0.25
6.77	7.4	0-0.25
12.06	10.22	1
2.57	12.31	0-0.25
8.37	7.88	0.5-0.75
4.16	-1.43	1
4.95	10.67	0.25-0.5
0.52	0.22	0-0.25
2.57	12.31	0-0.25
4.12	7.7	0.25-0.5
9.03	4.8	0.5-0.75
6.91	-4.56	1
4.53	2.04	0-0.25
0.52	0.22	0-0.25
8.31	3.64	1
4.12	7.7	0.5-0.75
8.37	7.88	0.25-0.5
9.03	4.8	0.75-1
9.88	9.25	0.25-0.5
4.95	10.67	0.5-0.75
12.06	10.22	1
4.12	7.7	0.25-0.5
8.99	7.93	0-0.25
6.93	5.57	0.75-1
4.53	2.04	0-0.25
0.52	0.22	0-0.25
3.67	6.7	0.75-1
4.12	7.7	0.5-0.75
8.37	7.88	0.25-0.5
7.63	6.63	0-0.25
4.95	10.67	0.5-0.75
4.53	2.04	0-0.25
5.9	4.49	1
3.67	6.7	1
4.12	7.7	1
4.6	7.06	0-0.25
8.06	0.21	1
4.79	7.14	0.25-0.5
7.63	6.63	0-0.25
6.91	-4.56	1
4.72	5.99	0-0.25
4.12	7.7	0.25-0.5
8.37	7.88	0.25-0.5
7.93	9.45	0-0.25
8.73	8	0.75-1
8.06	0.21	1
2.23	6.74	0.25-0.5
1.97	7.68	0-0.25
9.03	4.8	1
7.63	6.63	0-0.25
4.53	2.04	0-0.25
4.12	7.7	0.25-0.5
9.03	4.8	1
4.72	5.99	0.25-0.5
0.52	0.22	0-0.25
8.31	3.64	1
12.06	10.22	1
7.09	-0.9	0-0.25
8.37	7.88	0.25-0.5
9.03	4.8	0-0.25
7.63	6.63	0-0.25
6.91	-4.56	1
4.72	5.99	0.25-0.5
8.37	7.88	0.25-0.5
9.03	4.8	0.75-1
9.88	9.25	0.5-0.75
-20	2.04	0-0.25
4.53	2.04	0-0.25
4.12	7.7	0.5-0.75
8.37	7.88	0.25-0.5
4.95	10.67	0.25-0.5
4.72	5.99	0.25-0.5
6.93	5.57	1
3.67	6.7	0.75-1
4.12	7.7	0.25-0.5
9.03	4.8	0.5-0.75
4.16	-1.43	0.25-0.5
4.53	2.04	0.25-0.5
5.65	7.68	0.5-0.75
7.44	7	0-0.25
7.84	2.11	1
12.06	10.22	1
2.57	12.31	0-0.25
8.37	7.88	0.5-0.75
6.46	10.28	0.5-0.75
6.93	5.57	1
4.53	2.04	0.5-0.75
0.52	0.22	0-0.25
9.64	7.24	0-0.25
9.64	7.24	0-0.25
8.37	7.88	0.25-0.5
9.03	4.8	0.5-0.75
6.93	5.57	1
7.16	8.94	0-0.25
4.57	5.84	1
8.31	3.64	1
4.12	7.7	1
9.03	4.8	0.25-0.5
1.97	7.68	0-0.25
6.93	5.57	0.75-1
4.53	2.04	0-0.25
11.11	8.17	1
4.12	7.7	0.25-0.5
8.37	7.88	0.25-0.5
7.63	6.63	0-0.25
4.95	10.67	0.25-0.5
0.52	0.22	0-0.25
8.31	3.64	0.5-0.75
4.12	7.7	0-0.25
8.37	7.88	0.25-0.5
4.6	7.06	0-0.25
6.45	4.03	0.25-0.5
2.23	6.74	0-0.25
4.53	2.04	0-0.25
0.52	0.22	0-0.25
2.04	5.78	0-0.25
11.11	8.17	0.75-1
4.12	7.7	0.5-0.75
8.37	7.88	0.25-0.5
8.06	0.21	1
5.91	-0.43	0.25-0.5
7.63	6.63	0-0.25
2.23	6.74	0.25-0.5
6.93	5.57	1
4.53	2.04	0.25-0.5
5.65	5.88	1
7.63	6.63	0-0.25
4.53	2.04	0.25-0.5
4.12	7.7	0.25-0.5
9.03	4.8	0.75-1
5.91	-0.43	0.5-0.75
4.95	10.67	0.5-0.75
6.93	5.57	0.75-1
4.53	2.04	0-0.25
9.45	5.88	1
7.63	6.63	0-0.25
9.88	9.25	0.75-1
4.72	5.99	0-0.25
6.93	5.57	1
4.53	2.04	0.25-0.5
9.45	5.88	1
8.31	3.64	1
4.12	7.7	0.5-0.75
12.35	2.48	0.25-0.5
4.16	-1.43	0-0.25
7.63	6.63	0-0.25
6.91	-4.56	1
4.95	10.67	0.25-0.5
2.23	6.74	0-0.25
6.93	5.57	0.75-1
6.17	8.68	0-0.25
4.53	2.04	0.25-0.5
7.44	7	0-0.25
8.37	7.88	0.25-0.5
7.63	6.63	0-0.25
6.91	-4.56	1
4.95	10.67	0.25-0.5
2.23	6.74	0-0.25
4.53	2.04	0-0.25
8.07	9.3	0.5-0.75
8.31	3.64	1
7.63	6.63	0-0.25
4.72	5.99	0-0.25
6.93	5.57	0.5-0.75
4.53	2.04	0-0.25
9.03	4.8	1
7.63	6.63	0-0.25
6.91	-4.56	1
9.88	9.25	0.5-0.75
2.23	6.74	0.25-0.5
4.64	-3.45	0.5-0.75
2.57	12.31	0-0.25
4.12	7.7	0.25-0.5
8.37	7.88	0.25-0.5
7.63	6.63	0-0.25
4.95	10.67	0.25-0.5
2.23	6.74	0-0.25
4.72	5.99	0-0.25
6.93	5.57	0.75-1
7.75	7	0.25-0.5
0.52	0.22	0-0.25
2.04	5.78	0-0.25
9.03	4.8	0.5-0.75
-14.15	4.85	0-0.25
7.63	6.63	0-0.25
4.95	10.67	0.75-1
2.23	6.74	0-0.25
4.72	5.99	0.25-0.5
9.6	8.27	1
4.53	2.04	0-0.25
11.11	8.17	1
2.57	12.31	0-0.25
9.25	0.83	1
5.61	6.29	0-0.25
7.63	6.63	0-0.25
6.91	-4.56	1
2.23	6.74	0-0.25
4.53	2.04	0-0.25
2.57	12.31	0-0.25
4.12	7.7	0-0.25
4.95	10.67	0.75-1
1.97	7.68	0-0.25
4.53	2.04	0-0.25
12.06	10.22	1
1.82	6.5	0-0.25
2.73	13.5	0-0.25
7.63	6.63	0-0.25
6.62	6.39	0-0.25
6.91	-4.56	1
9.88	9.25	1
2.23	6.74	0-0.25
-2.12	-3.41	1
0.52	0.22	0-0.25
8.31	3.64	1
6.77	7.4	0-0.25
6.77	7.4	0-0.25
4.12	7.7	0.5-0.75
9.03	4.8	0.5-0.75
5.91	-0.43	1
5.07	10.28	0-0.25
7.63	6.63	0-0.25
9.88	9.25	0.5-0.75
4.53	2.04	0-0.25
2.04	5.78	0-0.25
8.37	7.88	0.25-0.5
8.06	0.21	0.5-0.75
9.88	9.25	0.5-0.75
1.56	-1.54	0-0.25
6.93	5.57	0.5-0.75
2.04	5.78	0-0.25
12.06	10.22	0-0.25
8.37	7.88	0.5-0.75
6.7	11.06	0-0.25
2.73	13.5	0-0.25
7.63	6.63	0-0.25
4.95	10.67	0.25-0.5
12.06	10.22	1
4.12	7.7	1
8.37	7.88	0.25-0.5
7.63	6.63	0-0.25
4.72	5.99	0-0.25
6.93	5.57	0.5-0.75
6.17	8.68	0-0.25
-30.53	0.22	0-0.25
0.52	0.22	0-0.25
9.03	4.8	0.5-0.75
7.63	6.63	0-0.25
6.46	10.28	0.25-0.5
6.93	5.57	1
12.06	10.22	1
3.45	10.82	0-0.25
4.12	7.7	0.75-1
9.03	4.8	1
4.16	-1.43	1
4.72	5.99	0.25-0.5
7.16	8.94	0-0.25
12.06	10.22	1
6.45	4.03	0.5-0.75
7.63	6.63	0-0.25
9.88	9.25	0.5-0.75
6.93	5.57	0.75-1
12.06	10.22	1
8.37	7.88	0.25-0.5
9.88	9.25	0.5-0.75
6.93	5.57	1
4.53	2.04	0-0.25
6.71	6.65	0-0.25
2.57	12.31	0-0.25
4.12	7.7	0.75-1
8.37	7.88	0.25-0.5
4.16	-1.43	1
7.63	6.63	0-0.25
9.88	9.25	0.5-0.75
1.97	7.68	0-0.25
6.17	8.68	0-0.25
9.31	9.24	0-0.25
12.06	10.22	1
3.67	6.7	0.5-0.75
9.03	4.8	1
5.91	-0.43	1
2.23	6.74	0-0.25
6.93	5.57	0.5-0.75
0.52	0.22	0-0.25
2.57	12.31	0-0.25
8.37	7.88	0.5-0.75
7.63	6.63	0-0.25
9.88	9.25	0.5-0.75
8.1	7.77	0-0.25
-30.53	0.22	0-0.25
0.52	0.22	0-0.25
3.67	6.7	0.5-0.75
4.12	7.7	0.5-0.75
8.37	7.88	0.25-0.5
8.06	0.21	0.5-0.75
7.63	6.63	0-0.25
4.53	2.04	0-0.25
2.57	12.31	0-0.25
8.37	7.88	0.25-0.5
7.47	8.73	0-0.25
7.63	6.63	0-0.25
9.88	9.25	0.5-0.75
4.53	2.04	0-0.25
8.6	6.19	0-0.25
12.06	10.22	1
2.57	12.31	0-0.25
9.88	9.25	0.25-0.5
2.23	6.74	0.5-0.75
4.72	5.99	0.25-0.5
4.53	2.04	0-0.25
8.37	7.88	0.25-0.5
5.91	9.29	0-0.25
7.63	6.63	0-0.25
8.99	7.93	0-0.25
4.53	2.04	0-0.25
9.03	4.8	0.5-0.75
4.3	2.05	1
4.72	5.99	0-0.25
2.57	12.31	0-0.25
8.37	7.88	0.25-0.5
6.45	4.03	0.25-0.5
9.03	4.8	0.5-0.75
7.63	6.63	0-0.25
6.91	-4.56	1
4.72	5.99	0.5-0.75
2.57	12.31	0-0.25
8.37	7.88	0.25-0.5
9.88	9.25	0.75-1
7.48	7.33	0.75-1
4.64	-3.45	0.5-0.75
5.54	2.37	1
6.77	8.87	0-0.25
6.77	8.87	0-0.25
12.06	10.22	1
9.03	4.8	0.75-1
7.63	6.63	0-0.25
6.91	-4.56	1
9.88	9.25	0.5-0.75
4.53	2.04	0.25-0.5
4.12	7.7	0.75-1
8.37	7.88	0.5-0.75
4.16	-1.43	0.5-0.75
7.63	6.63	0-0.25
6.93	5.57	1
4.53	2.04	0-0.25
12.06	10.22	1
9.88	9.25	0.5-0.75
4.53	2.04	0-0.25
11.08	7.66	1
5.91	-0.43	0.25-0.5
2.73	13.5	0-0.25
2.23	6.74	0.25-0.5
8.31	3.64	1
12.06	10.22	1
3.67	6.7	1
8.37	7.88	0.5-0.75
1.03	-0.72	0.25-0.5
7.63	6.63	0-0.25
4.53	2.04	0.5-0.75
12.06	10.22	1
4.12	7.7	0.25-0.5
8.37	7.88	0.5-0.75
7.64	-0.16	1
7.63	6.63	0-0.25
6.91	-4.56	1
9.88	9.25	0.75-1
2.23	6.74	0-0.25
6.93	5.57	1
4.53	2.04	0-0.25
4.95	8.02	0-0.25
12.06	10.22	1
4.12	7.7	0.5-0.75
8.37	7.88	0.25-0.5
9.03	4.8	0.75-1
7.63	6.63	0-0.25
6.91	-4.56	1
2.04	5.78	0-0.25
4.6	7.06	0-0.25
7.63	6.63	0-0.25
9.88	9.25	0.25-0.5
4.72	5.99	0.25-0.5
4.53	2.04	0-0.25
6.52	4.28	1
4.12	7.7	0.5-0.75
8.37	7.88	0.75-1
1.03	-0.72	0.5-0.75
9	1.97	1
9.88	9.25	0.25-0.5
4.64	-3.45	0.75-1
9.64	7.24	0-0.25
9.64	7.24	0-0.25
4.12	7.7	1
8.37	7.88	0.25-0.5
5.91	-0.43	1
4.95	10.67	0.5-0.75
4.53	2.04	0-0.25
12.06	10.22	1
8.37	7.88	0.25-0.5
4.72	5.99	0-0.25
6.93	5.57	1
8.31	3.64	1
2.73	13.5	0-0.25
7.63	6.63	0-0.25
4.95	10.67	0.25-0.5
6.71	6.65	0.25-0.5
2.57	12.31	0-0.25
8.37	7.88	0.25-0.5
7.63	6.63	0-0.25
4.83	6.62	0-0.25
9.88	9.25	0.25-0.5
5.43	10.42	0-0.25
12.06	10.22	1
2.57	12.31	0.25-0.5
8.37	7.88	0.25-0.5
7.47	8.73	0-0.25
7.63	6.63	0-0.25
2.23	6.74	0-0.25
2.04	5.78	0-0.25
4.64	-3.45	0.5-0.75
12.06	10.22	1
3.67	6.7	1
3.45	10.82	0-0.25
4.22	11.38	0-0.25
8.37	7.88	0.25-0.5
3.67	6.7	1
4.12	7.7	0.75-1
8.37	7.88	0.25-0.5
9.03	4.8	0.75-1
2.23	6.74	0-0.25
4.53	2.04	0-0.25
11.11	8.17	0.75-1
8.31	3.64	0.75-1
12.06	10.22	1
3.45	10.82	0-0.25
4.12	7.7	0.25-0.5
8.37	7.88	0.25-0.5
5.91	9.29	0-0.25
7.63	6.63	0-0.25
2.23	6.74	0-0.25
8.06	0.21	1
2.57	12.31	0-0.25
3.67	6.7	0.5-0.75
6.64	0.5	1
9.25	0.83	1
7.63	6.63	0-0.25
4.83	6.62	0-0.25
9.88	9.25	0.5-0.75
6.93	5.57	1
4.53	2.04	0.25-0.5
7.44	7	0-0.25
4.12	7.7	0.25-0.5
9.03	4.8	0.5-0.75
4.16	-1.43	0.25-0.5
7.63	6.63	0-0.25
9.88	9.25	0.25-0.5
4.72	5.99	0.25-0.5
12.06	10.22	1
4.12	7.7	0.5-0.75
8.37	7.88	0.25-0.5
5.61	-5.36	1
2.23	6.74	0.25-0.5
8.07	9.3	0.25-0.5
8.37	7.88	0.25-0.5
7.63	6.63	0-0.25
1.97	7.68	0-0.25
4.53	2.04	0.25-0.5
12.06	10.22	1
2.57	12.31	0-0.25
4.6	7.06	0-0.25
4.16	-1.43	1
4.53	2.04	0-0.25
4.11	7.59	0-0.25
7.63	6.63	0-0.25
9.88	9.25	0.5-0.75
2.23	6.74	0.25-0.5
7.22	3.77	0-0.25
11.11	8.17	0.75-1
2.57	12.31	0-0.25
4.12	7.7	0.75-1
7.63	6.63	0-0.25
2.04	9.54	0-0.25
6.93	5.57	1
4.53	2.04	0-0.25
4.12	7.7	0.5-0.75
8.37	7.88	0.75-1
7.63	6.63	0-0.25
6.93	5.57	1
7.63	6.63	0-0.25
4.95	10.67	0.5-0.75
4.72	5.99	0.25-0.5
6.93	5.57	1
4.89	2.39	0.5-0.75
2.02	9.26	0-0.25
4.12	7.7	0.75-1
8.05	9.6	0-0.25
4.06	6.6	0-0.25
7.82	8.57	0-0.25
5.91	2.85	0.75-1
9.88	9.25	0.5-0.75
4.53	2.04	0.25-0.5
4.06	6.6	0-0.25
3.15	8.24	0.25-0.5
6.02	7.4	0-0.25
6.02	7.4	0-0.25
5.27	4.95	0-0.25
8.93	8.93	0.75-1
7.82	8.57	0-0.25
5.91	2.85	0.75-1
4.72	5.99	0.25-0.5
0.44	-0.64	1
6.62	7.51	0.5-0.75
7.85	5.39	0-0.25
5.7	4.23	0-0.25
7.63	6.63	0-0.25
3.64	6.43	0-0.25
4.53	2.04	0-0.25
10.19	7.83	0.75-1
10.19	7.83	0.75-1
6.77	6.53	0-0.25
6.77	6.53	0-0.25
12.06	10.22	1
-1.27	7.94	0-0.25
8.37	7.88	0.25-0.5
5.27	4.95	0-0.25
7.5	4.08	0.25-0.5
9.88	9.25	0.5-0.75
4.72	5.99	0-0.25
3.64	6.43	0-0.25
4.53	2.04	0-0.25
1.38	-0.26	0.75-1
4.12	7.7	0.75-1
8.37	7.88	0.5-0.75
7.63	6.63	0-0.25
4.94	1.75	0-0.25
4.72	5.99	0.25-0.5
0.44	-0.64	1
9.82	9.22	0-0.25
4.53	2.04	0-0.25
7.44	7	0-0.25
9.46	9.1	0.25-0.5
10.48	4.07	0-0.25
6.77	7.4	0-0.25
6.77	7.4	0-0.25
4.51	8.15	0-0.25
5.7	4.23	0.25-0.5
9.03	4.8	0.25-0.5
7.25	6.67	0-0.25
7.63	6.63	0-0.25
4.41	2.87	0.25-0.5
4.53	2.04	0-0.25
6.14	9.13	0-0.25
5.66	1.6	0-0.25
6.77	7.4	0-0.25
6.77	7.4	0-0.25
8.37	7.88	0.25-0.5
-4.55	0.17	0.25-0.5
5.75	5.45	0.25-0.5
7.5	4.08	0.25-0.5
6.05	6.32	1
5.2	5.88	0.5-0.75
4.72	5.99	0.25-0.5
0.44	-0.64	1
7.44	7	0-0.25
10.19	7.83	0.25-0.5
10.19	7.83	0.25-0.5
8.31	3.64	0.75-1
6.77	7.4	0-0.25
6.77	7.4	0-0.25
2.57	12.31	0-0.25
8.37	7.88	0.25-0.5
7.63	6.63	0-0.25
7.51	8.24	0.25-0.5
0.44	-0.64	1
8.07	9.3	0.25-0.5
4.06	6.6	0-0.25
6.77	7.4	0-0.25
6.77	7.4	0-0.25
3.67	6.7	1
6.45	10.28	0.5-0.75
1.88	3.28	0.5-0.75
7.44	7	0-0.25
4.06	6.6	0-0.25
2.57	12.31	0-0.25
8.37	7.88	0.25-0.5
5.7	4.23	0-0.25
7.82	8.57	0-0.25
8.46	9.27	0-0.25
8.65	3.66	0.25-0.5
6.77	7.4	0-0.25
6.77	7.4	0-0.25
2.57	12.31	0-0.25
-0.95	3.15	1
-0.42	3.15	1
7.63	6.63	0-0.25
6.29	8.46	0-0.25
-21.28	6.92	0.25-0.5
10.19	7.83	0.75-1
10.19	7.83	0.75-1
8.65	3.66	1
2.57	12.31	0-0.25
4.12	7.7	0.5-0.75
8.37	7.88	0.25-0.5
-1.36	7.97	0-0.25
9.03	4.8	1
8.06	0.21	0.5-0.75
5.76	8.89	0-0.25
7.63	6.63	0-0.25
6.91	-4.56	1
-0.31	2.7	0.5-0.75
6.45	10.28	0.75-1
0.44	-0.64	1
4.53	2.04	0.25-0.5
10.28	7.23	1
11.11	8.17	1
8.65	3.66	0.5-0.75
12.06	10.22	1
3.85	6.02	0-0.25
-0.31	2.7	1
4.72	5.99	0.25-0.5
4.53	2.04	0-0.25
7.44	7	0-0.25
4.06	6.6	0-0.25
6.8	4.3	0.75-1
3.67	6.7	0.5-0.75
4.12	7.7	0.5-0.75
8.37	7.94	0.25-0.5
1.55	7.82	0-0.25
10.07	9.16	1
6.59	3.54	1
9.88	9.25	0.5-0.75
0.44	-0.64	1
6.34	6.32	1
8.31	3.64	1
3.67	6.7	1
-1.36	7.97	0-0.25
9.03	4.8	0.25-0.5
3.2	5.34	0-0.25
7.82	8.57	0.25-0.5
7.63	6.63	0-0.25
8.59	8.4	0-0.25
4.53	2.04	0.25-0.5
7.44	7	0-0.25
3.67	6.7	1
5.7	4.23	0-0.25
7.64	-0.16	0.75-1
6.91	4.55	0-0.25
7.33	5.89	0.25-0.5
0.44	-0.64	1
6.93	5.57	1
8.07	9.3	0.5-0.75
10.28	7.23	1
6.59	5.71	0.5-0.75
6.8	4.3	0.25-0.5
4.41	2.87	0-0.25
4.72	5.99	0-0.25
9.6	8.27	1
7.44	7	0-0.25
4.06	6.6	0-0.25
8.37	7.94	0.25-0.5
8.46	9.27	1
6.91	-4.56	1
6.46	10.28	0-0.25
0.44	-0.32	1
6.93	5.57	0.75-1
5.31	1.82	1
4.53	2.04	0-0.25
6.62	7.51	0.25-0.5
8.17	7.16	0-0.25
8.65	3.66	0.75-1
2.97	6.86	0-0.25
6.91	-4.56	1
3.85	6.02	0-0.25
6.45	10.28	1
1.97	7.68	0-0.25
4.53	2.04	0-0.25
6.62	7.51	0.25-0.5
3.67	6.7	1
-1.24	7.7	1
8.86	10.72	0-0.25
7.63	6.63	0-0.25
2.02	5.8	0.75-1
4.53	2.04	0-0.25
7.44	7	0-0.25
10.19	7.83	0.5-0.75
10.19	7.83	0.5-0.75
2.57	12.31	0-0.25
3.67	6.7	0.5-0.75
8.37	7.88	0.25-0.5
7.46	8.07	0-0.25
0.52	0.22	0-0.25
9.07	5.66	0.75-1
8.07	9.3	0.25-0.5
7.44	7	0-0.25
2.57	12.31	0-0.25
3.67	6.7	1
3.73	3.48	0-0.25
6.13	11.37	0-0.25
6.93	5.57	1
4.53	2.04	0-0.25
4.53	5.57	1
2.63	4.95	0-0.25
2.71	-4.39	1
6.02	8.87	0-0.25
6.02	8.87	0-0.25
3.67	6.7	0.25-0.5
-4.94	-0.72	0-0.25
4.53	2.04	0.5-0.75
6.77	7.4	0-0.25
6.77	7.4	0-0.25
8.37	7.88	0.25-0.5
7.82	8.57	0-0.25
4.72	5.99	0-0.25
4.53	2.04	0-0.25
4.06	6.6	0-0.25
6.14	9.13	0-0.25
10.19	7.83	0.25-0.5
10.19	7.83	0.25-0.5
-1.65	0.73	0.25-0.5
2.57	12.31	0-0.25
8.39	9.8	1
-1.27	7.94	0.25-0.5
8.37	7.88	0.5-0.75
5.7	4.23	0-0.25
7.63	6.63	0-0.25
2.23	6.74	0-0.25
4.72	5.99	0-0.25
7.44	7	0-0.25
10.19	7.83	1
10.19	7.83	1
2.57	12.31	0-0.25
9.03	4.8	0.25-0.5
7.63	6.63	0-0.25
4.53	2.04	0-0.25
0.95	-4.91	0-0.25
2.57	12.31	0-0.25
9.62	8.36	0-0.25
8.37	7.88	0.5-0.75
7.63	6.63	0-0.25
10.19	7.83	0.25-0.5
10.19	7.83	0.25-0.5
8.65	3.66	0.5-0.75
8.06	0.21	1
4.72	5.99	0.25-0.5
9.64	7.24	0-0.25
9.64	7.24	0-0.25
5.15	6.23	0-0.25
3.67	6.7	1
5.86	7.27	0-0.25
7.82	8.57	0-0.25
9.88	9.25	0.5-0.75
4.72	5.99	0-0.25
6.93	5.57	0.75-1
5.19	8.49	0.75-1
7.42	8.66	0.75-1
7.44	7	0-0.25
-12.18	2.26	0.5-0.75
5.57	5.5	0-0.25
4.94	5.57	0.5-0.75
8.37	7.88	0.25-0.5
5.7	4.23	0.25-0.5
7.63	6.63	0-0.25
4.94	1.75	0-0.25
9.88	9.25	0.25-0.5
4.72	5.99	0-0.25
5.29	2.37	0.75-1
6.95	3.85	0-0.25
7.44	7	0-0.25
8.37	7.88	0.25-0.5
6.05	6.32	1
6.93	5.57	1
4.53	2.04	0.25-0.5
10.19	7.83	0.25-0.5
10.19	7.83	0.25-0.5
6.77	7.4	0-0.25
6.77	7.4	0-0.25
8.37	7.88	0.25-0.5
5.7	4.23	0.25-0.5
7.63	6.63	0-0.25
3.64	8.27	0-0.25
3.85	6.02	0-0.25
4.72	5.99	0.25-0.5
5.29	2.37	0.75-1
4.07	5.39	0.75-1
8.31	3.64	0.25-0.5
5.7	4.23	0.25-0.5
6.91	-4.56	1
2.02	5.8	0.75-1
4.72	5.99	0-0.25
2.05	5.52	0-0.25
8.31	3.64	1
6.02	7.4	0-0.25
6.02	7.4	0-0.25
8.37	7.94	0.25-0.5
7.66	1.95	1
7.63	6.63	0-0.25
6.59	3.54	0.5-0.75
9.88	9.25	0.5-0.75
4.53	2.04	0-0.25
7.42	8.66	0.5-0.75
7.44	7	0-0.25
8.17	7.16	0-0.25
6.14	9.13	0-0.25
6.77	7.4	0-0.25
6.77	7.4	0-0.25
0.4	6.94	0.5-0.75
1.08	9.78	0-0.25
3.67	6.7	0.5-0.75
4.12	7.7	0.25-0.5
6.29	8.46	0-0.25
2.97	1.09	0-0.25
3.67	6.7	1
8.37	7.88	0.25-0.5
4.41	9.73	0-0.25
7.63	6.63	0-0.25
6.05	6.32	1
4.72	5.99	0-0.25
5.29	2.37	0.75-1
4.53	2.04	0-0.25
7.44	7	0-0.25
4.06	6.6	0-0.25
8.17	7.16	0-0.25
8.31	3.64	0.5-0.75
3.67	6.7	0.75-1
-1.27	7.94	0.25-0.5
9.48	6.47	0.25-0.5
8.65	3.66	0.5-0.75
8.37	7.88	0.25-0.5
4.69	6.53	0-0.25
6.91	-4.56	1
9.88	9.25	0.5-0.75
4.72	5.99	0-0.25
3.64	6.43	0-0.25
4.53	2.04	0-0.25
-2.38	9.43	0-0.25
8.31	3.64	1
6.77	7.4	0-0.25
6.77	7.4	0-0.25
3.67	6.7	1
8.37	7.94	0.5-0.75
5.7	4.23	0-0.25
-3.38	0.53	0.25-0.5
5.86	7.27	0-0.25
7.63	6.63	0-0.25
5.91	2.85	0.75-1
4.41	2.87	0.25-0.5
4.53	2.04	0.25-0.5
10.19	7.83	0.5-0.75
10.19	7.83	0.5-0.75
2.57	12.31	0-0.25
1.97	7.68	0-0.25
9.06	10.07	0-0.25
0.44	-0.64	1
6.43	1.27	0-0.25
7.44	7	0-0.25
6.77	6.53	0-0.25
6.77	6.53	0-0.25
8.4	7.14	0.25-0.5
7.63	6.63	0-0.25
3.64	6.43	0-0.25
7.96	8.49	1
2.71	-4.39	1
8.31	3.64	1
6.77	7.4	0-0.25
6.77	7.4	0-0.25
2.57	12.31	0-0.25
3.67	6.7	1
8.37	7.88	0.25-0.5
4.72	5.99	0.25-0.5
4.53	2.04	0-0.25
5.57	5.5	0-0.25
8.65	3.66	1
7.82	8.57	0-0.25
6.91	-4.56	0.5-0.75
9.88	9.25	0.75-1
6.93	5.57	1
4.53	2.04	0.25-0.5
7.44	7	0-0.25
7.84	2.11	0.5-0.75
10.19	7.83	0.25-0.5
10.19	7.83	0.25-0.5
8.31	3.64	1
4.12	7.7	0.25-0.5
7.63	6.63	0-0.25
5.91	2.85	1
3.73	3.48	0.25-0.5
11.11	8.17	1
10.19	7.83	0.5-0.75
10.19	7.83	0.5-0.75
6.77	7.4	0-0.25
6.77	7.4	0-0.25
12.06	10.22	1
2.57	12.31	0-0.25
8.37	7.88	0.5-0.75
7.63	6.63	0-0.25
4.72	5.99	0-0.25
4.53	2.04	0-0.25
7.84	2.11	1
4.12	7.7	0.25-0.5
8.37	7.88	0.25-0.5
2.97	6.86	0-0.25
7.63	6.63	0-0.25
2.02	5.8	0.75-1
4.94	1.75	0-0.25
8.69	2	0.75-1
4.72	5.99	0-0.25
0.44	-0.64	1
5.29	2.37	0.75-1
7.44	7	0-0.25
7.84	2.11	1
4.06	6.6	0-0.25
4.12	7.7	0-0.25
7.63	6.63	0-0.25
4.72	5.99	0.25-0.5
6.93	5.57	1
4.53	2.04	0-0.25
7.44	7	0-0.25
4.06	6.6	0-0.25
4.94	5.57	1
8.31	3.64	1
8.37	7.88	0.25-0.5
9.72	8.34	0-0.25
7.63	6.63	0-0.25
9.84	7.2	0-0.25
9.48	11.01	0.25-0.5
8.65	3.66	1
6.77	7.4	0-0.25
6.77	7.4	0-0.25
2.57	12.31	0-0.25
8.37	7.88	0.25-0.5
4.72	5.99	0-0.25
9.54	4.57	0-0.25
0.44	-0.64	1
4.53	2.04	0-0.25
7.42	8.66	0.5-0.75
7.44	7	0-0.25
5.57	5.5	0-0.25
3.15	8.24	0.25-0.5
6.77	7.4	0-0.25
6.77	7.4	0-0.25
2.57	12.31	0-0.25
3.67	6.7	1
8.37	7.88	0.25-0.5
7.39	-0.92	1
7.63	6.63	0-0.25
5.75	7.38	0-0.25
4.53	2.04	0-0.25
6.77	7.4	0-0.25
6.77	7.4	0-0.25
7.63	6.63	0-0.25
6.91	-4.56	1
4.95	10.67	0.5-0.75
2.23	6.74	0-0.25
5.56	7.57	1
4.53	2.04	0.25-0.5
4.12	7.7	0.5-0.75
8.37	7.88	0.25-0.5
9.03	4.8	1
7.63	6.63	0-0.25
2.04	5.78	0-0.25
4.64	-3.45	0.5-0.75
7.82	9.44	0.5-0.75
4.12	7.7	0.25-0.5
8.37	7.88	0.25-0.5
4.6	8.33	0-0.25
7.63	6.63	0-0.25
9.6	8.27	0.5-0.75
9.45	5.88	1
7.4	7.67	0.25-0.5
7.44	7	0-0.25
8.37	7.88	0.25-0.5
7.85	2.24	0.75-1
7.6	7.52	0-0.25
7.63	6.63	0-0.25
6.91	-4.56	1
4.95	10.67	0.25-0.5
7.87	9.88	0-0.25
4.53	2.04	0.25-0.5
6.77	7.4	0-0.25
6.77	7.4	0-0.25
3.67	6.7	1
7.82	9.44	1
4.12	7.7	0.25-0.5
8.37	7.88	0.25-0.5
9.94	6.2	0.75-1
8.06	0.21	0.5-0.75
7.66	5.77	0-0.25
7.63	6.63	0-0.25
4.72	5.99	0-0.25
6.77	7.4	0-0.25
6.77	7.4	0-0.25
2.57	12.31	0-0.25
8.37	7.88	0.5-0.75
6.45	4.03	0.25-0.5
8.06	0.21	0.5-0.75
7.63	6.63	0-0.25
9.88	9.25	1
12.06	10.22	1
3.67	6.7	1
8.37	7.88	0.25-0.5
8.06	0.21	1
12.06	10.22	1
2.57	12.31	0-0.25
3.67	6.7	1
6.93	5.57	1
4.53	2.04	0-0.25
4.12	7.7	0.5-0.75
8.37	7.88	0.5-0.75
8.06	0.21	1
4.16	-1.43	1
6.52	9.14	0.25-0.5
2.23	6.74	0-0.25
4.72	5.99	0.25-0.5
2.85	7.23	0-0.25
4.53	2.04	0-0.25
2.04	5.78	0-0.25
8.37	7.88	0.25-0.5
7.63	6.63	0-0.25
9.88	9.25	0.5-0.75
4.53	2.04	0.25-0.5
7.44	7	0-0.25
8.37	7.88	0.25-0.5
7.63	6.63	0-0.25
4.53	2.04	0-0.25
0.52	0.22	0-0.25
7.16	8.94	0-0.25
1.81	7.46	0.75-1
8.37	7.88	0.5-0.75
6.45	4.03	0-0.25
7.63	6.63	0-0.25
4.72	5.99	0.25-0.5
6.93	5.57	1
4.53	2.04	0-0.25
12.06	10.22	1
2.57	12.31	0-0.25
8.37	7.88	0.25-0.5
9.03	4.8	0.25-0.5
7.63	6.63	0-0.25
4.95	10.67	0.5-0.75
0.52	0.22	0-0.25
4.64	-3.45	0.25-0.5
8.37	7.88	0.25-0.5
7.63	6.63	0-0.25
6.93	5.57	1
9.89	6.04	1
9.64	7.24	0-0.25
9.64	7.24	0-0.25
4.12	7.7	0.5-0.75
8.37	7.88	0.5-0.75
7.63	6.63	0-0.25
6.05	6.32	1
2.04	5.78	0-0.25
4.12	7.7	0.5-0.75
8.37	7.88	0.5-0.75
9.03	4.8	0.75-1
7.64	8.76	0-0.25
4.53	2.04	0-0.25
0.52	0.22	0-0.25
7.44	7	0-0.25
8.31	3.64	0.75-1
6.77	8.87	0-0.25
6.77	8.87	0-0.25
4.12	7.7	0.25-0.5
8.37	7.88	0.25-0.5
6.45	4.03	0.25-0.5
4.16	-1.43	0.5-0.75
7.63	6.63	0-0.25
0.44	-0.64	1
8.31	3.64	1
9.64	7.24	0-0.25
9.64	7.24	0-0.25
4.12	7.7	0.25-0.5
9.03	4.8	0.25-0.5
4.16	-1.43	1
9.88	9.25	0.25-0.5
4.76	10.47	0-0.25
8.37	7.88	0.25-0.5
8.06	0.21	1
7.63	6.63	0-0.25
4.12	7.7	0.25-0.5
8.37	7.88	0.25-0.5
6.91	-4.56	1
4.95	10.67	0.5-0.75
4.72	5.99	0.25-0.5
7.75	7	0-0.25
4.53	2.04	0-0.25
2.57	12.31	0.25-0.5
3.45	10.82	0-0.25
3.05	10.79	0-0.25
8.37	7.88	0.25-0.5
4.16	-1.43	1
9.88	9.25	0.25-0.5
4.95	10.67	0.25-0.5
2.23	6.74	0-0.25
8.07	9.3	0.75-1
2.57	12.31	0-0.25
3.67	6.7	1
4.12	7.7	0.25-0.5
8.37	7.88	0.25-0.5
9.25	0.83	1
8.4	5.62	0-0.25
2.23	6.74	0-0.25
2.57	12.31	0-0.25
7.63	6.63	0-0.25
2.57	12.31	0-0.25
8.37	7.88	0.25-0.5
7.63	6.63	0-0.25
11.11	8.17	1
6.45	4.03	0.25-0.5
9.03	4.8	0.75-1
7.63	6.63	0-0.25
9.88	9.25	0.5-0.75
4.72	5.99	0-0.25
6.93	5.57	1
0.52	0.22	0-0.25
11.11	8.17	1
7.44	7	0-0.25
9.64	7.24	0-0.25
9.64	7.24	0-0.25
2.57	12.31	0-0.25
4.12	7.7	1
8.37	7.88	0.75-1
4.16	-1.43	1
4.95	10.67	0.25-0.5
4.72	5.99	0-0.25
4.53	2.04	0-0.25
2.57	12.31	0-0.25
4.12	7.7	0.25-0.5
8.37	7.88	0.25-0.5
8.39	9.75	1
6.91	-4.56	1
9.88	9.25	0.75-1
8.37	7.88	0.25-0.5
4.72	5.99	0-0.25
0.52	0.22	0-0.25
9.45	5.88	1
12.06	10.22	1
4.12	7.7	0.5-0.75
8.37	7.88	0.25-0.5
7.63	6.63	0-0.25
2.23	6.74	0.25-0.5
4.53	2.04	0.5-0.75
8.07	9.3	0.25-0.5
4.12	7.7	0.75-1
8.37	7.88	0.5-0.75
9.88	9.25	0.25-0.5
4.95	10.67	0.25-0.5
6.93	5.57	0.75-1
0.52	0.22	0-0.25
8.6	6.19	0-0.25
-6.64	-5.94	1
3.45	10.82	0-0.25
4.12	7.7	0.5-0.75
8.37	7.88	0.75-1
0.52	0.22	0-0.25
7.4	7.67	0.25-0.5
4.87	10.9	0-0.25
3.45	10.82	0-0.25
7.63	6.63	0-0.25
4.95	10.67	0.25-0.5
4.53	2.04	0-0.25
6.77	8.87	0.25-0.5
6.77	8.87	0.25-0.5
12.06	10.22	1
2.57	12.31	0-0.25
4.12	7.7	1
6.45	4.03	0.25-0.5
9.03	4.8	0.5-0.75
9.94	6.2	1
8.37	7.88	0.25-0.5
7.4	0.19	1
7.63	6.63	0-0.25
9.22	8.56	0-0.25
2.23	6.74	0-0.25
6.93	5.57	0.75-1
6.77	8.87	0-0.25
6.77	8.87	0-0.25
12.06	10.22	1
4.12	7.7	0.75-1
8.37	7.88	0.25-0.5
4.16	-1.43	1
6.91	-4.56	1
7.22	7.54	0-0.25
4.53	2.04	0.25-0.5
3.45	10.82	0-0.25
8.37	7.88	0.25-0.5
6.45	4.03	0.25-0.5
8.06	0.21	0.75-1
7.63	6.63	0-0.25
6.91	-4.56	1
4.95	10.67	0.25-0.5
4.64	-3.45	0.5-0.75
2.57	12.31	0-0.25
4.12	7.7	0.25-0.5
8.37	7.88	0.25-0.5
7.63	6.63	0-0.25
4.53	2.04	0-0.25
2.04	5.78	0-0.25
5.3	3.75	0.75-1
8.31	3.64	1
12.06	10.22	1
8.37	7.88	0.25-0.5
-11.93	8.43	0-0.25
7.47	8.73	0-0.25
7.63	6.63	0-0.25
2.23	6.74	0-0.25
4.64	-3.45	0.25-0.5
7.63	6.63	0-0.25
4.95	10.67	0.5-0.75
7.75	7	0-0.25
5.12	4.41	0-0.25
8.07	9.3	0.25-0.5
2.04	5.78	0-0.25
2.57	12.31	0-0.25
3.67	6.7	1
3.45	10.82	0-0.25
8.37	7.88	0.5-0.75
8.39	9.75	0.5-0.75
7.63	6.63	0-0.25
6.91	-4.56	1
4.72	5.99	0.25-0.5
6.93	5.57	1
4.53	2.04	0-0.25
8.31	3.64	0.75-1
3.67	6.7	0.5-0.75
8.37	7.88	0.25-0.5
8.06	0.21	0.25-0.5
5.91	-0.43	0.5-0.75
7.63	6.63	0-0.25
6.91	-4.56	1
9.88	9.25	0.25-0.5
4.95	10.67	0.5-0.75
4.72	5.99	0-0.25
4.53	2.04	0.25-0.5
7.63	6.63	0-0.25
2.23	6.74	0.25-0.5
4.72	5.99	0.25-0.5
11.11	8.17	1
6.71	6.65	0.25-0.5
7.16	8.94	0-0.25
2.57	12.31	0-0.25
8.37	7.88	0.5-0.75
7.64	-0.16	0.5-0.75
-6.06	7.21	0-0.25
7.63	6.63	0-0.25
4.53	2.04	0-0.25
0.52	0.22	0-0.25
8.37	7.88	0.5-0.75
2.73	13.5	0-0.25
7.63	6.63	0-0.25
9.88	9.25	0.25-0.5
4.72	5.99	0-0.25
6.93	5.57	1
5.83	7.63	0.5-0.75
4.53	2.04	0-0.25
5.43	10.42	0-0.25
8.37	7.88	0.5-0.75
7.63	6.63	0-0.25
9.88	9.25	0.5-0.75
4.72	5.99	0-0.25
4.53	2.04	0-0.25
-12.21	5.88	0-0.25
7.63	6.63	0-0.25
6.91	-4.56	1
2.23	6.74	0.25-0.5
2.57	12.31	0-0.25
4.12	7.7	0.5-0.75
8.37	7.88	0.25-0.5
2.92	10.15	0-0.25
8.06	0.21	1
7.63	6.63	0-0.25
0.52	0.22	0-0.25
4.12	7.7	0.5-0.75
8.37	7.88	0.5-0.75
7.63	6.63	0-0.25
9.88	9.25	0.5-0.75
4.95	10.67	0.5-0.75
4.53	2.04	0-0.25
4.95	10.67	0.5-0.75
2.23	6.74	0-0.25
7.22	7.54	0-0.25
4.53	2.04	0.25-0.5
8.37	7.88	0.25-0.5
7.63	6.63	0-0.25
4.72	5.99	0-0.25
2.57	12.31	0-0.25
4.12	7.7	0.25-0.5
5.91	-0.43	0.5-0.75
4.95	10.67	0.75-1
2.23	6.74	0-0.25
4.12	7.7	0.25-0.5
8.37	7.88	0.25-0.5
7.63	6.63	0-0.25
9.88	9.25	0.5-0.75
4.95	10.67	0.25-0.5
1.97	7.68	0-0.25
10.36	7.7	1
7.44	7	0-0.25
2.7	2.3	0-0.25
8.37	7.88	0.25-0.5
6.45	4.03	0.25-0.5
4.16	-1.43	1
9.88	9.25	0.5-0.75
5.12	4.41	0-0.25
0.52	0.22	0-0.25
12.06	10.22	1
2.57	12.31	0-0.25
8.37	7.88	0.5-0.75
4.16	-1.43	0-0.25
